0.1 0.0
1.1 -1.0
0.1 0.0
0.1 0.0
0.1 0.0
0.1 0.0
0.225 0.0
0.1625 0.0
0.1625 0.0625
0.225 0.03125
0.25625 0.09375
0.35 0.125
0.4125 0.15625
0.475 0.1875
0.475 0.21875
0.50625 0.25
0.5375 0.28125
0.56875 0.3125
0.6 0.34375
0.63125 0.4375
0.725 0.5
0.725 0.5
0.69375 0.46875
0.69375 0.5
0.725 0.515625
0.740625 0.5625
0.7875 0.625
0.81875 0.671875
0.85 0.71875
0.88125 0.765625
0.9125 0.84375
0.94375 0.875
0.94375 0.890625
0.959375 0.921875
0.975 0.953125
0.990625 0.984375
1.00625 1.015625
1.021875 1.046875
1.00625 1.015625
1.00625 1.015625
1.00625 1.0078125
0.9984375 0.99609375
0.99453125 0.98828125
0.9984375 0.99609375
0.9984375 0.99609375
0.9984375 0.998046875
1.000390625 1.0009765625
1.0013671875 1.0029296875
1.000390625 1.0009765625
1.000390625 1.0009765625
1.000390625 1.00048828125
0.99990234375 0.999755859375
0.999658203125 0.999267578125
0.99990234375 0.999755859375
0.99990234375 0.999755859375
0.99990234375 0.999877929688
1.00002441406 1.00006103516
1.00008544922 1.00018310547
1.00002441406 1.00006103516
1.00002441406 1.00006103516
1.00002441406 1.00003051758
0.999993896484 0.999984741211
0.999978637695 0.999954223633
0.999993896484 0.999984741211
0.999993896484 0.999984741211
0.999993896484 0.999992370605
1.00000152588 1.0000038147
1.00000534058 1.00001144409
1.00000152588 1.0000038147
1.00000152588 1.0000038147
